8952 80 -11400 cassiterite
8952 46 -11352 galena
8952 27 -11304 tungstate
8952 34 -11256 iron
8952 72 -11208 gold
8952 34 -11160 nickel
8952 20 -11112 monazite
8952 75 -11064 bauxite
8952 67 -11016 gold
8952 68 -10968 magnetite
8952 54 -10920 salts
8952 14 -10872 olivine
8952 40 -10824 platinum
8952 99 -10776 magnetite
8952 87 -10728 tetrahedrite
8952 25 -10680 pitchblende
8952 41 -10632 apatite
8952 40 -10584 apatite
8952 17 -10536 copper
8952 30 -10488 monazite
8952 28 -10440 pitchblende
8952 34 -10392 redstone
8952 57 -10344 coal
8952 60 -10296 gold
8952 62 -10248 coal
8952 51 -10200 bauxite
8952 96 -10152 magnetite
8952 63 -10104 coal
8952 41 -10056 lapis
8952 31 -10008 iron
8952 72 -9960 gold
8952 24 -9912 copper
8952 29 -9864 soapstone
8952 71 -9816 gold
8952 20 -9768 monazite
8952 92 -9720 magnetite
8952 63 -9672 quartz
8952 23 -9624 manganese
8952 11 -9576 copper
8952 42 -9528 galena
9000 110 -11400 magnetite
9000 40 -11352 lapis
9000 19 -11304 iron
9000 23 -11256 olivine
9000 16 -11208 iron
9000 72 -11160 lignite
9000 61 -11112 coal
9000 74 -11064 bauxite
9000 66 -11016 lignite
9000 50 -10968 salts
9000 51 -10920 apatite
9000 99 -10872 cassiterite
9000 33 -10824 monazite
9000 63 -10776 coal
9000 61 -10728 bauxite
9000 19 -10680 iron
9000 12 -10632 sapphire
9000 69 -10584 magnetite
9000 73 -10536 gold
9000 17 -10488 pitchblende
9000 70 -10440 gold
9000 31 -10392 iron
9000 18 -10344 redstone
9000 60 -10296 gold
9000 62 -10248 lignite
9000 53 -10200 salts
9000 67 -10152 lignite
9000 68 -10104 oilsand
9000 25 -10056 monazite
9000 17 -10008 redstone
9000 52 -9960 salts
9000 24 -9912 iron
9000 104 -9864 magnetite
9000 6 -9816 diamond
9000 14 -9768 diamond
9000 84 -9720 bauxite
9000 15 -9672 iron
9000 65 -9624 bauxite
9000 34 -9576 galena
9000 74 -9528 gold
9048 110 -11400 cassiterite
9048 44 -11352 platinum
9048 21 -11304 redstone
9048 8 -11256 beryllium
9048 20 -11208 copper
9048 104 -11160 magnetite
9048 10 -11112 copper
9048 57 -11064 magnetite
9048 31 -11016 redstone
9048 60 -10968 quartz
9048 70 -10920 oilsand
9048 27 -10872 monazite
9048 18 -10824 copper
9048 63 -10776 bauxite
9048 13 -10728 olivine
9048 103 -10680 cassiterite
9048 36 -10632 lapis
9048 68 -10584 bauxite
9048 66 -10536 oilsand
9048 12 -10488 copper
9048 53 -10440 lignite
9048 111 -10392 magnetite
9048 32 -10344 monazite
9048 40 -10296 apatite
9048 15 -10248 redstone
9048 47 -10200 cassiterite
9048 20 -10152 manganese
9048 31 -10104 redstone
9048 101 -10056 cassiterite
9048 84 -10008 bauxite
9048 34 -9960 redstone
9048 32 -9912 redstone
9048 44 -9864 apatite
9048 65 -9816 cassiterite
9048 63 -9768 magnetite
9048 29 -9720 sapphire
9048 29 -9672 tungstate
9048 34 -9624 nickel
9048 52 -9576 salts
9048 14 -9528 soapstone
9096 50 -11400 coal
9096 23 -11352 redstone
9096 85 -11304 magnetite
9096 31 -11256 olivine
9096 65 -11208 gold
9096 70 -11160 gold
9096 19 -11112 iron
9096 113 -11064 cassiterite
9096 74 -11016 oilsand
9096 71 -10968 coal
9096 112 -10920 tetrahedrite
9096 43 -10872 apatite
9096 121 -10824 lignite
9096 104 -10776 magnetite
9096 85 -10728 lignite
9096 56 -10680 oilsand
9096 23 -10632 olivine
9096 52 -10584 apatite
9096 43 -10536 cassiterite
9096 18 -10488 copper
9096 71 -10440 gold
9096 18 -10392 iron
9096 34 -10344 olivine
9096 32 -10296 olivine
9096 65 -10248 coal
9096 73 -10200 oilsand
9096 68 -10152 gold
9096 110 -10104 magnetite
9096 27 -10056 iron
9096 74 -10008 gold
9096 66 -9960 magnetite
9096 37 -9912 lapis
9096 40 -9864 apatite
9096 111 -9816 lignite
9096 49 -9768 galena
9096 21 -9720 iron
9096 24 -9672 soapstone
9096 52 -9624 salts
9096 105 -9576 tetrahedrite
9096 59 -9528 magnetite
9144 102 -11400 tetrahedrite
9144 71 -11352 coal
9144 62 -11304 oilsand
9144 22 -11256 soapstone
9144 94 -11208 magnetite
9144 110 -11160 magnetite
9144 21 -11112 monazite
9144 25 -11064 soapstone
9144 42 -11016 apatite
9144 65 -10968 coal
9144 59 -10920 coal
9144 14 -10872 iron
9144 51 -10824 cassiterite
9144 64 -10776 gold
9144 66 -10728 coal
9144 103 -10680 magnetite
9144 31 -10632 redstone
9144 67 -10584 bauxite
9144 60 -10536 gold
9144 45 -10488 quartz
9144 26 -10440 iron
9144 23 -10392 olivine
9144 57 -10344 coal
9144 81 -10296 bauxite
9144 68 -10248 gold
9144 60 -10200 quartz
9144 24 -10152 copper
9144 33 -10104 iron
9144 14 -10056 pitchblende
9144 68 -10008 oilsand
9144 81 -9960 tetrahedrite
9144 15 -9912 iron
9144 33 -9864 olivine
9144 107 -9816 cassiterite
9144 74 -9768 gold
9144 20 -9720 iron
9144 97 -9672 lignite
9144 31 -9624 monazite
9144 52 -9576 salts
9144 116 -9528 lignite
9192 18 -11400 nickel
9192 18 -11352 pitchblende
9192 113 -11304 cassiterite
9192 68 -11256 gold
9192 33 -11208 iron
9192 28 -11160 pitchblende
9192 52 -11112 salts
9192 33 -11064 tungstate
9192 11 -11016 copper
9192 66 -10968 coal
9192 67 -10920 gold
9192 10 -10872 iron
9192 10 -10824 copper
9192 14 -10776 iron
9192 69 -10728 gold
9192 87 -10680 lignite
9192 13 -10632 soapstone
9192 12 -10584 olivine
9192 58 -10536 magnetite
9192 42 -10488 quartz
9192 71 -10440 gold
9192 27 -10392 iron
9192 18 -10344 soapstone
9192 102 -10296 magnetite
9192 82 -10248 bauxite
9192 85 -10200 magnetite
9192 32 -10152 olivine
9192 67 -10104 lignite
9192 33 -10056 monazite
9192 70 -10008 gold
9192 31 -9960 olivine
9192 114 -9912 magnetite
9192 70 -9864 oilsand
9192 81 -9816 tetrahedrite
9192 10 -9768 copper
9192 50 -9720 salts
9192 18 -9672 olivine
9192 50 -9624 oilsand
9192 66 -9576 gold
9192 17 -9528 olivine
9240 66 -11400 gold
9240 71 -11352 magnetite
9240 61 -11304 bauxite
9240 113 -11256 tetrahedrite
9240 24 -11208 copper
9240 70 -11160 magnetite
9240 59 -11112 coal
9240 69 -11064 gold
9240 33 -11016 olivine
9240 81 -10968 tetrahedrite
9240 53 -10920 galena
9240 23 -10872 copper
9240 22 -10824 lapis
9240 17 -10776 redstone
9240 41 -10728 galena
9240 16 -10680 nickel
9240 69 -10632 cassiterite
9240 68 -10584 coal
9240 21 -10536 manganese
9240 94 -10488 cassiterite
9240 44 -10440 apatite
9240 33 -10392 nickel
9240 87 -10344 lignite
9240 60 -10296 coal
9240 114 -10248 tetrahedrite
9240 109 -10200 cassiterite
9240 58 -10152 oilsand
9240 110 -10104 lignite
9240 59 -10056 coal
9240 14 -10008 iron
9240 86 -9960 tetrahedrite
9240 58 -9912 oilsand
9240 66 -9864 gold
9240 33 -9816 iron
9240 10 -9768 copper
9240 24 -9720 iron
9240 122 -9672 lignite
9240 32 -9624 lapis
9240 46 -9576 apatite
9240 13 -9528 iron
9288 98 -11400 tetrahedrite
9288 26 -11352 iron
9288 48 -11304 quartz
9288 43 -11256 apatite
9288 11 -11208 iron
9288 23 -11160 manganese
9288 23 -11112 monazite
9288 30 -11064 pitchblende
9288 52 -11016 salts
9288 15 -10968 copper
9288 61 -10920 oilsand
9288 13 -10872 sapphire
9288 24 -10824 iron
9288 37 -10776 lapis
9288 14 -10728 iron
9288 21 -10680 uranium
9288 67 -10632 gold
9288 112 -10584 tetrahedrite
9288 12 -10536 iron
9288 24 -10488 redstone
9288 108 -10440 magnetite
9288 71 -10392 gold
9288 35 -10344 lapis
9288 27 -10296 tungstate
9288 95 -10248 lignite
9288 34 -10200 pitchblende
9288 31 -10152 sapphire
9288 90 -10104 lignite
9288 63 -10056 gold
9288 17 -10008 olivine
9288 21 -9960 nickel
9288 104 -9912 tetrahedrite
9288 19 -9864 redstone
9288 22 -9816 uranium
9288 20 -9768 lapis
9288 72 -9720 coal
9288 86 -9672 magnetite
9288 51 -9624 magnetite
9288 104 -9576 magnetite
9288 21 -9528 olivine
9336 52 -11400 apatite
9336 22 -11352 manganese
9336 15 -11304 pitchblende
9336 77 -11256 cassiterite
9336 17 -11208 beryllium
9336 51 -11160 oilsand
9336 71 -11112 coal
9336 23 -11064 iron
9336 61 -11016 lignite
9336 79 -10968 lignite
9336 9 -10920 beryllium
9336 65 -10872 magnetite
9336 55 -10824 oilsand
9336 94 -10776 lignite
9336 60 -10728 coal
9336 11 -10680 olivine
9336 27 -10632 sapphire
9336 69 -10584 gold
9336 20 -10536 uranium
9336 20 -10488 monazite
9336 84 -10440 magnetite
9336 52 -10392 galena
9336 45 -10344 quartz
9336 86 -10296 lignite
9336 53 -10248 bauxite
9336 82 -10200 lignite
9336 23 -10152 uranium
9336 40 -10104 galena
9336 28 -10056 iron
9336 33 -10008 olivine
9336 113 -9960 magnetite
9336 34 -9912 sapphire
9336 112 -9864 lignite
9336 113 -9816 cassiterite
9336 64 -9768 gold
9336 53 -9720 quartz
9336 73 -9672 gold
9336 31 -9624 tungstate
9336 99 -9576 magnetite
9336 20 -9528 olivine
9384 44 -11400 apatite
9384 109 -11352 magnetite
9384 53 -11304 lignite
9384 97 -11256 magnetite
9384 19 -11208 pitchblende
9384 33 -11160 soapstone
9384 21 -11112 iron
9384 5 -11064 diamond
9384 10 -11016 redstone
9384 72 -10968 gold
9384 107 -10920 magnetite
9384 20 -10872 olivine
9384 87 -10824 tetrahedrite
9384 96 -10776 tetrahedrite
9384 65 -10728 gold
9384 103 -10680 tetrahedrite
9384 6 -10632 diamond
9384 27 -10584 pitchblende
9384 40 -10536 apatite
9384 34 -10488 lapis
9384 113 -10440 tetrahedrite
9384 41 -10392 platinum
9384 64 -10344 gold
9384 12 -10296 nickel
9384 30 -10248 redstone
9384 80 -10200 tetrahedrite
9384 18 -10152 pitchblende
9384 21 -10104 olivine
9384 27 -10056 olivine
9384 21 -10008 copper
9384 26 -9960 monazite
9384 86 -9912 tetrahedrite
9384 69 -9864 bauxite
9384 67 -9816 bauxite
9384 21 -9768 copper
9384 82 -9720 cassiterite
9384 50 -9672 apatite
9384 24 -9624 monazite
9384 88 -9576 lignite
9384 53 -9528 quartz
9432 73 -11400 lignite
9432 107 -11352 magnetite
9432 34 -11304 redstone
9432 52 -11256 apatite
9432 30 -11208 lapis
9432 23 -11160 beryllium
9432 26 -11112 lapis
9432 15 -11064 sapphire
9432 13 -11016 olivine
9432 100 -10968 lignite
9432 67 -10920 lignite
9432 73 -10872 bauxite
9432 78 -10824 lignite
9432 95 -10776 cassiterite
9432 101 -10728 magnetite
9432 91 -10680 cassiterite
9432 12 -10632 iron
9432 8 -10584 beryllium
9432 69 -10536 gold
9432 20 -10488 olivine
9432 104 -10440 magnetite
9432 83 -10392 lignite
9432 52 -10344 quartz
9432 70 -10296 oilsand
9432 15 -10248 olivine
9432 59 -10200 magnetite
9432 40 -10152 quartz
9432 14 -10104 redstone
9432 110 -10056 cassiterite
9432 34 -10008 lapis
9432 50 -9960 oilsand
9432 107 -9912 magnetite
9432 21 -9864 lapis
9432 96 -9816 tetrahedrite
9432 61 -9768 gold
9432 74 -9720 gold
9432 117 -9672 lignite
9432 74 -9624 magnetite
9432 28 -9576 olivine
9432 53 -9528 apatite
9480 61 -11400 gold
9480 73 -11352 coal
9480 34 -11304 pitchblende
9480 21 -11256 copper
9480 54 -11208 salts
9480 57 -11160 quartz
9480 74 -11112 gold
9480 91 -11064 lignite
9480 101 -11016 cassiterite
9480 113 -10968 cassiterite
9480 14 -10920 pitchblende
9480 21 -10872 olivine
9480 64 -10824 magnetite
9480 71 -10776 coal
9480 20 -10728 redstone
9480 23 -10680 manganese
9480 54 -10632 galena
9480 53 -10584 magnetite
9480 18 -10536 redstone
9480 56 -10488 lignite
9480 68 -10440 gold
9480 104 -10392 lignite
9480 89 -10344 lignite
9480 34 -10296 iron
9480 70 -10248 coal
9480 56 -10200 magnetite
9480 12 -10152 olivine
9480 63 -10104 quartz
9480 51 -10056 coal
9480 107 -10008 lignite
9480 88 -9960 tetrahedrite
9480 78 -9912 bauxite
9480 16 -9864 nickel
9480 72 -9816 coal
9480 28 -9768 lapis
9480 109 -9720 tetrahedrite
9480 24 -9672 uranium
9480 48 -9624 cassiterite
9480 18 -9576 soapstone
9480 15 -9528 redstone
9528 96 -11400 magnetite
9528 68 -11352 coal
9528 69 -11304 gold
9528 50 -11256 oilsand
9528 109 -11208 magnetite
9528 17 -11160 pitchblende
9528 18 -11112 sapphire
9528 108 -11064 magnetite
9528 62 -11016 coal
9528 15 -10968 soapstone
9528 32 -10920 soapstone
9528 78 -10872 magnetite
9528 64 -10824 magnetite
9528 27 -10776 nickel
9528 62 -10728 gold
9528 70 -10680 quartz
9528 60 -10632 coal
9528 59 -10584 bauxite
9528 50 -10536 salts
9528 59 -10488 coal
9528 70 -10440 cassiterite
9528 69 -10392 oilsand
9528 67 -10344 gold
9528 91 -10296 tetrahedrite
9528 50 -10248 cassiterite
9528 19 -10200 olivine
9528 19 -10152 copper
9528 38 -10104 galena
9528 105 -10056 magnetite
9528 67 -10008 gold
9528 22 -9960 uranium
9528 53 -9912 apatite
9528 18 -9864 redstone
9528 65 -9816 magnetite
9528 52 -9768 bauxite
9528 15 -9720 iron
9528 51 -9672 salts
9528 60 -9624 oilsand
9528 31 -9576 soapstone
9528 50 -9528 salts
9576 55 -11400 lignite
9576 73 -11352 cassiterite
9576 42 -11304 platinum
9576 81 -11256 cassiterite
9576 48 -11208 galena
9576 107 -11160 lignite
9576 22 -11112 beryllium
9576 92 -11064 magnetite
9576 12 -11016 redstone
9576 11 -10968 soapstone
9576 61 -10920 coal
9576 61 -10872 gold
9576 87 -10824 tetrahedrite
9576 64 -10776 gold
9576 53 -10728 salts
9576 113 -10680 magnetite
9576 64 -10632 coal
9576 12 -10584 sapphire
9576 67 -10536 oilsand
9576 14 -10488 iron
9576 11 -10440 beryllium
9576 53 -10392 apatite
9576 40 -10344 quartz
9576 73 -10296 lignite
9576 17 -10248 olivine
9576 64 -10200 gold
9576 25 -10152 nickel
9576 22 -10104 manganese
9576 10 -10056 olivine
9576 68 -10008 gold
9576 53 -9960 salts
9576 117 -9912 lignite
9576 23 -9864 iron
9576 32 -9816 olivine
9576 51 -9768 apatite
9576 10 -9720 iron
9576 12 -9672 iron
9576 73 -9624 magnetite
9576 27 -9576 lapis
9576 79 -9528 lignite
9624 22 -11400 copper
9624 30 -11352 redstone
9624 66 -11304 oilsand
9624 22 -11256 copper
9624 90 -11208 magnetite
9624 53 -11160 lignite
9624 52 -11112 magnetite
9624 60 -11064 cassiterite
9624 54 -11016 apatite
9624 81 -10968 lignite
9624 53 -10920 coal
9624 109 -10872 magnetite
9624 46 -10824 apatite
9624 22 -10776 olivine
9624 66 -10728 coal
9624 65 -10680 oilsand
9624 54 -10632 apatite
9624 14 -10584 diamond
9624 20 -10536 sapphire
9624 84 -10488 magnetite
9624 79 -10440 lignite
9624 21 -10392 lapis
9624 13 -10344 diamond
9624 51 -10296 apatite
9624 105 -10248 tetrahedrite
9624 85 -10200 magnetite
9624 60 -10152 quartz
9624 11 -10104 redstone
9624 69 -10056 magnetite
9624 28 -10008 nickel
9624 108 -9960 magnetite
9624 22 -9912 lapis
9624 42 -9864 cassiterite
9624 94 -9816 lignite
9624 20 -9768 manganese
9624 61 -9720 quartz
9624 72 -9672 bauxite
9624 70 -9624 gold
9624 25 -9576 iron
9624 31 -9528 lapis
9672 13 -11400 pitchblende
9672 36 -11352 tungstate
9672 11 -11304 copper
9672 21 -11256 pitchblende
9672 12 -11208 iron
9672 51 -11160 salts
9672 43 -11112 cassiterite
9672 80 -11064 tetrahedrite
9672 13 -11016 pitchblende
9672 70 -10968 gold
9672 13 -10920 copper
9672 53 -10872 oilsand
9672 60 -10824 magnetite
9672 20 -10776 olivine
9672 66 -10728 quartz
9672 94 -10680 magnetite
9672 77 -10632 magnetite
9672 32 -10584 monazite
9672 14 -10536 copper
9672 33 -10488 iron
9672 73 -10440 gold
9672 15 -10392 iron
9672 81 -10344 cassiterite
9672 18 -10296 copper
9672 67 -10248 gold
9672 94 -10200 cassiterite
9672 11 -10152 nickel
9672 24 -10104 olivine
9672 20 -10056 pitchblende
9672 53 -10008 coal
9672 67 -9960 oilsand
9672 87 -9912 cassiterite
9672 61 -9864 oilsand
9672 9 -9816 diamond
9672 32 -9768 iron
9672 15 -9720 iron
9672 76 -9672 bauxite
9672 31 -9624 sapphire
9672 32 -9576 soapstone
9672 70 -9528 gold
9720 64 -11400 magnetite
9720 41 -11352 cassiterite
9720 28 -11304 olivine
9720 63 -11256 quartz
9720 79 -11208 magnetite
9720 12 -11160 iron
9720 63 -11112 gold
9720 111 -11064 cassiterite
9720 71 -11016 gold
9720 111 -10968 lignite
9720 27 -10920 redstone
9720 17 -10872 copper
9720 72 -10824 gold
9720 21 -10776 soapstone
9720 66 -10728 magnetite
9720 53 -10680 salts
9720 56 -10632 cassiterite
9720 29 -10584 olivine
9720 31 -10536 sapphire
9720 64 -10488 magnetite
9720 71 -10440 oilsand
9720 43 -10392 quartz
9720 10 -10344 diamond
9720 16 -10296 copper
9720 43 -10248 apatite
9720 80 -10200 tetrahedrite
9720 37 -10152 lapis
9720 15 -10104 nickel
9720 69 -10056 quartz
9720 20 -10008 nickel
9720 63 -9960 bauxite
9720 13 -9912 olivine
9720 15 -9864 redstone
9720 30 -9816 lapis
9720 64 -9768 gold
9720 41 -9720 cassiterite
9720 46 -9672 galena
9720 72 -9624 gold
9720 90 -9576 cassiterite
9720 70 -9528 coal
9768 67 -11400 gold
9768 10 -11352 iron
9768 24 -11304 manganese
9768 106 -11256 tetrahedrite
9768 20 -11208 iron
9768 50 -11160 apatite
9768 51 -11112 coal
9768 78 -11064 magnetite
9768 62 -11016 bauxite
9768 43 -10968 galena
9768 16 -10920 redstone
9768 97 -10872 tetrahedrite
9768 28 -10824 olivine
9768 63 -10776 oilsand
9768 60 -10728 lignite
9768 17 -10680 nickel
9768 114 -10632 magnetite
9768 14 -10584 diamond
9768 83 -10536 lignite
9768 98 -10488 lignite
9768 80 -10440 tetrahedrite
9768 73 -10392 gold
9768 17 -10344 iron
9768 70 -10296 gold
9768 94 -10248 magnetite
9768 23 -10200 copper
9768 61 -10152 gold
9768 44 -10104 apatite
9768 12 -10056 sapphire
9768 13 -10008 redstone
9768 71 -9960 magnetite
9768 59 -9912 bauxite
9768 28 -9864 olivine
9768 12 -9816 beryllium
9768 84 -9768 lignite
9768 30 -9720 pitchblende
9768 70 -9672 gold
9768 26 -9624 iron
9768 10 -9576 nickel
9768 10 -9528 soapstone
9816 23 -11400 uranium
9816 26 -11352 lapis
9816 70 -11304 gold
9816 15 -11256 copper
9816 52 -11208 magnetite
9816 35 -11160 lapis
9816 61 -11112 magnetite
9816 21 -11064 redstone
9816 92 -11016 magnetite
9816 17 -10968 copper
9816 52 -10920 coal
9816 79 -10872 magnetite
9816 18 -10824 redstone
9816 69 -10776 gold
9816 115 -10728 lignite
9816 11 -10680 soapstone
9816 52 -10632 salts
9816 11 -10584 redstone
9816 61 -10536 quartz
9816 67 -10488 magnetite
9816 61 -10440 magnetite
9816 55 -10392 coal
9816 65 -10344 gold
9816 65 -10296 oilsand
9816 53 -10248 apatite
9816 82 -10200 magnetite
9816 19 -10152 iron
9816 61 -10104 magnetite
9816 56 -10056 quartz
9816 10 -10008 soapstone
9816 18 -9960 olivine
9816 103 -9912 tetrahedrite
9816 43 -9864 quartz
9816 122 -9816 lignite
9816 21 -9768 iron
9816 122 -9720 lignite
9816 23 -9672 olivine
9816 17 -9624 copper
9816 55 -9576 oilsand
9816 23 -9528 uranium
9864 19 -11400 sapphire
9864 18 -11352 beryllium
9864 51 -11304 salts
9864 112 -11256 cassiterite
9864 68 -11208 coal
9864 86 -11160 tetrahedrite
9864 18 -11112 nickel
9864 62 -11064 coal
9864 73 -11016 quartz
9864 61 -10968 gold
9864 6 -10920 diamond
9864 68 -10872 gold
9864 81 -10824 bauxite
9864 30 -10776 sapphire
9864 51 -10728 salts
9864 62 -10680 gold
9864 66 -10632 gold
9864 25 -10584 iron
9864 69 -10536 gold
9864 52 -10488 salts
9864 10 -10440 redstone
9864 22 -10392 beryllium
9864 74 -10344 gold
9864 56 -10296 magnetite
9864 68 -10248 coal
9864 32 -10200 iron
9864 53 -10152 salts
9864 31 -10104 sapphire
9864 51 -10056 quartz
9864 71 -10008 gold
9864 45 -9960 apatite
9864 68 -9912 gold
9864 97 -9864 lignite
9864 13 -9816 olivine
9864 20 -9768 olivine
9864 19 -9720 olivine
9864 10 -9672 copper
9864 19 -9624 sapphire
9864 17 -9576 soapstone
9864 88 -9528 lignite
9912 34 -11400 nickel
9912 49 -11352 quartz
9912 13 -11304 copper
9912 26 -11256 iron
9912 50 -11208 bauxite
9912 32 -11160 iron
9912 21 -11112 pitchblende
9912 71 -11064 coal
9912 22 -11016 uranium
9912 5 -10968 beryllium
9912 10 -10920 redstone
9912 25 -10872 molybdenum
9912 22 -10824 nickel
9912 24 -10776 sapphire
9912 20 -10728 copper
9912 61 -10680 quartz
9912 74 -10632 gold
9912 13 -10584 sapphire
9912 27 -10536 olivine
9912 50 -10488 salts
9912 88 -10440 tetrahedrite
9912 71 -10392 bauxite
9912 51 -10344 magnetite
9912 18 -10296 beryllium
9912 59 -10248 quartz
9912 29 -10200 olivine
9912 54 -10152 apatite
9912 30 -10104 nickel
9912 17 -10056 soapstone
9912 74 -10008 coal
9912 66 -9960 coal
9912 21 -9912 redstone
9912 17 -9864 pitchblende
9912 66 -9816 bauxite
9912 17 -9768 sapphire
9912 26 -9720 olivine
9912 12 -9672 nickel
9912 106 -9624 magnetite
9912 60 -9576 gold
9912 16 -9528 nickel
9960 20 -11400 redstone
9960 11 -11352 pitchblende
9960 72 -11304 magnetite
9960 103 -11256 cassiterite
9960 104 -11208 cassiterite
9960 39 -11160 tungstate
9960 10 -11112 diamond
9960 63 -11064 gold
9960 64 -11016 coal
9960 85 -10968 cassiterite
9960 72 -10920 coal
9960 52 -10872 oilsand
9960 12 -10824 iron
9960 52 -10776 salts
9960 43 -10728 cassiterite
9960 57 -10680 bauxite
9960 19 -10632 redstone
9960 91 -10584 tetrahedrite
9960 30 -10536 monazite
9960 99 -10488 tetrahedrite
9960 13 -10440 soapstone
9960 56 -10392 quartz
9960 15 -10344 sapphire
9960 59 -10296 magnetite
9960 51 -10248 salts
9960 14 -10200 beryllium
9960 50 -10152 salts
9960 52 -10104 cassiterite
9960 20 -10056 uranium
9960 84 -10008 bauxite
9960 29 -9960 olivine
9960 112 -9912 magnetite
9960 65 -9864 gold
9960 97 -9816 tetrahedrite
9960 14 -9768 copper
9960 77 -9720 bauxite
9960 24 -9672 monazite
9960 19 -9624 beryllium
9960 15 -9576 iron
9960 63 -9528 quartz
10008 23 -11400 copper
10008 51 -11352 salts
10008 29 -11304 olivine
10008 82 -11256 bauxite
10008 69 -11208 gold
10008 52 -11160 apatite
10008 18 -11112 copper
10008 20 -11064 copper
10008 84 -11016 magnetite
10008 69 -10968 quartz
10008 59 -10920 quartz
10008 50 -10872 coal
10008 39 -10824 galena
10008 33 -10776 iron
10008 108 -10728 tetrahedrite
10008 24 -10680 pitchblende
10008 62 -10632 coal
10008 26 -10584 redstone
10008 15 -10536 sapphire
10008 11 -10488 sapphire
10008 69 -10440 bauxite
10008 108 -10392 tetrahedrite
10008 43 -10344 apatite
10008 20 -10296 uranium
10008 60 -10248 gold
10008 55 -10200 lignite
10008 95 -10152 magnetite
10008 54 -10104 bauxite
10008 17 -10056 sapphire
10008 66 -10008 gold
10008 8 -9960 diamond
10008 111 -9912 lignite
10008 14 -9864 olivine
10008 86 -9816 magnetite
10008 63 -9768 gold
10008 20 -9720 redstone
10008 49 -9672 galena
10008 81 -9624 cassiterite
10008 72 -9576 bauxite
10008 43 -9528 platinum
10056 99 -11400 lignite
10056 21 -11352 olivine
10056 15 -11304 iron
10056 15 -11256 beryllium
10056 14 -11208 iron
10056 98 -11160 cassiterite
10056 32 -11112 lapis
10056 9 -11064 diamond
10056 72 -11016 lignite
10056 74 -10968 oilsand
10056 9 -10920 beryllium
10056 64 -10872 gold
10056 77 -10824 lignite
10056 63 -10776 bauxite
10056 62 -10728 lignite
10056 52 -10680 cassiterite
10056 10 -10632 copper
10056 77 -10584 magnetite
10056 107 -10536 cassiterite
10056 56 -10488 cassiterite
10056 64 -10440 gold
10056 66 -10392 gold
10056 75 -10344 lignite
10056 55 -10296 oilsand
10056 28 -10248 molybdenum
10056 69 -10200 gold
10056 48 -10152 cassiterite
10056 110 -10104 lignite
10056 18 -10056 soapstone
10056 91 -10008 magnetite
10056 13 -9960 copper
10056 66 -9912 gold
10056 29 -9864 lapis
10056 112 -9816 magnetite
10056 52 -9768 quartz
10056 79 -9720 bauxite
10056 62 -9672 bauxite
10056 76 -9624 cassiterite
10056 5 -9576 diamond
10056 106 -9528 cassiterite
10104 87 -11400 magnetite
10104 60 -11352 oilsand
10104 12 -11304 iron
10104 67 -11256 gold
10104 80 -11208 magnetite
10104 34 -11160 monazite
10104 64 -11112 gold
10104 68 -11064 gold
10104 24 -11016 pitchblende
10104 33 -10968 monazite
10104 22 -10920 nickel
10104 16 -10872 redstone
10104 20 -10824 iron
10104 94 -10776 magnetite
10104 69 -10728 gold
10104 79 -10680 bauxite
10104 11 -10632 redstone
10104 53 -10584 quartz
10104 112 -10536 cassiterite
10104 63 -10488 gold
10104 27 -10440 sapphire
10104 60 -10392 gold
10104 123 -10344 lignite
10104 21 -10296 sapphire
10104 67 -10248 gold
10104 16 -10200 beryllium
10104 55 -10152 lignite
10104 23 -10104 olivine
10104 84 -10056 bauxite
10104 20 -10008 uranium
10104 62 -9960 oilsand
10104 21 -9912 monazite
10104 68 -9864 gold
10104 56 -9816 bauxite
10104 39 -9768 galena
10104 20 -9720 copper
10104 103 -9672 cassiterite
10104 83 -9624 tetrahedrite
10104 30 -9576 olivine
10104 22 -9528 copper
10152 54 -11400 salts
10152 69 -11352 gold
10152 11 -11304 iron
10152 17 -11256 sapphire
10152 54 -11208 magnetite
10152 119 -11160 lignite
10152 69 -11112 gold
10152 42 -11064 tungstate
10152 70 -11016 lignite
10152 19 -10968 pitchblende
10152 61 -10920 quartz
10152 43 -10872 galena
10152 62 -10824 bauxite
10152 18 -10776 pitchblende
10152 42 -10728 lapis
10152 51 -10680 apatite
10152 109 -10632 tetrahedrite
10152 63 -10584 oilsand
10152 19 -10536 beryllium
10152 56 -10488 quartz
10152 22 -10440 copper
10152 33 -10392 pitchblende
10152 98 -10344 cassiterite
10152 114 -10296 magnetite
10152 61 -10248 gold
10152 81 -10200 tetrahedrite
10152 22 -10152 copper
10152 41 -10104 apatite
10152 67 -10056 quartz
10152 60 -10008 coal
10152 110 -9960 tetrahedrite
10152 86 -9912 lignite
10152 65 -9864 gold
10152 69 -9816 magnetite
10152 25 -9768 olivine
10152 80 -9720 bauxite
10152 117 -9672 lignite
10152 58 -9624 quartz
10152 46 -9576 quartz
10152 29 -9528 iron
10200 8 -11400 diamond
10200 83 -11352 cassiterite
10200 63 -11304 gold
10200 28 -11256 soapstone
10200 12 -11208 copper
10200 107 -11160 tetrahedrite
10200 14 -11112 olivine
10200 15 -11064 redstone
10200 6 -11016 beryllium
10200 16 -10968 iron
10200 22 -10920 manganese
10200 72 -10872 bauxite
10200 26 -10824 olivine
10200 40 -10776 cassiterite
10200 120 -10728 lignite
10200 91 -10680 cassiterite
10200 69 -10632 gold
10200 20 -10584 iron
10200 60 -10536 gold
10200 29 -10488 iron
10200 19 -10440 copper
10200 113 -10392 cassiterite
10200 30 -10344 nickel
10200 53 -10296 oilsand
10200 112 -10248 magnetite
10200 60 -10200 cassiterite
10200 74 -10152 oilsand
10200 20 -10104 monazite
10200 75 -10056 bauxite
10200 69 -10008 coal
10200 24 -9960 monazite
10200 22 -9912 manganese
10200 16 -9864 soapstone
10200 27 -9816 olivine
10200 30 -9768 sapphire
10200 64 -9720 coal
10200 54 -9672 oilsand
10200 61 -9624 coal
10200 10 -9576 iron
10200 51 -9528 coal
10248 47 -11400 quartz
10248 62 -11352 gold
10248 47 -11304 galena
10248 102 -11256 magnetite
10248 16 -11208 pitchblende
10248 22 -11160 nickel
10248 17 -11112 soapstone
10248 59 -11064 oilsand
10248 54 -11016 coal
10248 31 -10968 olivine
10248 17 -10920 nickel
10248 20 -10872 monazite
10248 32 -10824 soapstone
10248 103 -10776 tetrahedrite
10248 11 -10728 iron
10248 88 -10680 lignite
10248 11 -10632 nickel
10248 71 -10584 gold
10248 112 -10536 tetrahedrite
10248 68 -10488 gold
10248 62 -10440 gold
10248 88 -10392 magnetite
10248 28 -10344 soapstone
10248 81 -10296 tetrahedrite
10248 74 -10248 bauxite
10248 69 -10200 magnetite
10248 19 -10152 sapphire
10248 13 -10104 beryllium
10248 7 -10056 beryllium
10248 14 -10008 soapstone
10248 51 -9960 apatite
10248 76 -9912 magnetite
10248 11 -9864 pitchblende
10248 54 -9816 salts
10248 70 -9768 gold
10248 58 -9720 coal
10248 13 -9672 beryllium
10248 19 -9624 sapphire
10248 27 -9576 iron
10248 62 -9528 gold
10296 47 -11400 apatite
10296 17 -11352 copper
10296 73 -11304 gold
10296 6 -11256 diamond
10296 50 -11208 salts
10296 101 -11160 magnetite
10296 74 -11112 gold
10296 55 -11064 lignite
10296 14 -11016 diamond
10296 83 -10968 tetrahedrite
10296 69 -10920 gold
10296 104 -10872 cassiterite
10296 32 -10824 sapphire
10296 81 -10776 cassiterite
10296 71 -10728 quartz
10296 69 -10680 gold
10296 54 -10632 apatite
10296 51 -10584 oilsand
10296 11 -10536 olivine
10296 24 -10488 olivine
10296 14 -10440 diamond
10296 86 -10392 tetrahedrite
10296 62 -10344 gold
10296 72 -10296 bauxite
10296 17 -10248 nickel
10296 22 -10200 copper
10296 28 -10152 soapstone
10296 66 -10104 gold
10296 63 -10056 cassiterite
10296 85 -10008 magnetite
10296 69 -9960 gold
10296 21 -9912 sapphire
10296 68 -9864 coal
10296 41 -9816 apatite
10296 32 -9768 iron
10296 10 -9720 copper
10296 52 -9672 apatite
10296 14 -9624 copper
10296 68 -9576 gold
10296 68 -9528 gold
10344 74 -11400 gold
10344 84 -11352 tetrahedrite
10344 33 -11304 nickel
10344 25 -11256 iron
10344 16 -11208 iron
10344 52 -11160 lignite
10344 12 -11112 nickel
10344 54 -11064 coal
10344 81 -11016 cassiterite
10344 70 -10968 coal
10344 82 -10920 magnetite
10344 68 -10872 lignite
10344 79 -10824 magnetite
10344 121 -10776 lignite
10344 62 -10728 gold
10344 104 -10680 cassiterite
10344 27 -10632 iron
10344 21 -10584 redstone
10344 26 -10536 iron
10344 90 -10488 magnetite
10344 17 -10440 soapstone
10344 12 -10392 copper
10344 17 -10344 copper
10344 61 -10296 gold
10344 22 -10248 copper
10344 70 -10200 gold
10344 108 -10152 magnetite
10344 20 -10104 copper
10344 31 -10056 monazite
10344 14 -10008 olivine
10344 24 -9960 monazite
10344 112 -9912 lignite
10344 102 -9864 magnetite
10344 73 -9816 bauxite
10344 52 -9768 lignite
10344 22 -9720 beryllium
10344 97 -9672 lignite
10344 66 -9624 bauxite
10344 23 -9576 monazite
10344 60 -9528 coal
10392 44 -11400 apatite
10392 70 -11352 gold
10392 98 -11304 tetrahedrite
10392 73 -11256 bauxite
10392 84 -11208 magnetite
10392 15 -11160 iron
10392 114 -11112 lignite
10392 106 -11064 magnetite
10392 53 -11016 quartz
10392 87 -10968 magnetite
10392 26 -10920 iron
10392 66 -10872 oilsand
10392 22 -10824 uranium
10392 85 -10776 lignite
10392 75 -10728 magnetite
10392 56 -10680 magnetite
10392 22 -10632 manganese
10392 11 -10584 redstone
10392 32 -10536 redstone
10392 17 -10488 iron
10392 49 -10440 apatite
10392 22 -10392 nickel
10392 12 -10344 copper
10392 63 -10296 gold
10392 54 -10248 bauxite
10392 50 -10200 magnetite
10392 112 -10152 magnetite
10392 62 -10104 lignite
10392 50 -10056 magnetite
10392 33 -10008 iron
10392 17 -9960 olivine
10392 67 -9912 gold
10392 12 -9864 nickel
10392 110 -9816 tetrahedrite
10392 113 -9768 lignite
10392 50 -9720 galena
10392 75 -9672 bauxite
10392 29 -9624 olivine
10392 10 -9576 soapstone
10392 60 -9528 gold
10440 23 -11400 copper
10440 61 -11352 magnetite
10440 12 -11304 copper
10440 56 -11256 coal
10440 73 -11208 coal
10440 68 -11160 coal
10440 31 -11112 iron
10440 34 -11064 redstone
10440 31 -11016 iron
10440 32 -10968 pitchblende
10440 44 -10920 lapis
10440 30 -10872 monazite
10440 71 -10824 oilsand
10440 23 -10776 copper
10440 91 -10728 cassiterite
10440 67 -10680 gold
10440 114 -10632 magnetite
10440 52 -10584 coal
10440 47 -10536 galena
10440 33 -10488 monazite
10440 11 -10440 diamond
10440 18 -10392 nickel
10440 92 -10344 lignite
10440 51 -10296 oilsand
10440 22 -10248 olivine
10440 12 -10200 diamond
10440 54 -10152 quartz
10440 28 -10104 iron
10440 18 -10056 copper
10440 101 -10008 cassiterite
10440 52 -9960 coal
10440 28 -9912 pitchblende
10440 119 -9864 lignite
10440 61 -9816 gold
10440 29 -9768 pitchblende
10440 68 -9720 coal
10440 60 -9672 gold
10440 47 -9624 cassiterite
10440 21 -9576 manganese
10440 53 -9528 salts
10488 64 -11400 coal
10488 11 -11352 diamond
10488 64 -11304 bauxite
10488 42 -11256 apatite
10488 54 -11208 oilsand
10488 20 -11160 monazite
10488 53 -11112 salts
10488 8 -11064 diamond
10488 53 -11016 cassiterite
10488 23 -10968 molybdenum
10488 98 -10920 magnetite
10488 80 -10872 bauxite
10488 60 -10824 coal
10488 62 -10776 magnetite
10488 70 -10728 gold
10488 6 -10680 diamond
10488 33 -10632 soapstone
10488 16 -10584 iron
10488 77 -10536 bauxite
10488 14 -10488 nickel
10488 81 -10440 magnetite
10488 32 -10392 soapstone
10488 18 -10344 soapstone
10488 62 -10296 coal
10488 28 -10248 lapis
10488 50 -10200 coal
10488 34 -10152 sapphire
10488 28 -10104 iron
10488 96 -10056 magnetite
10488 12 -10008 iron
10488 24 -9960 uranium
10488 86 -9912 lignite
10488 90 -9864 lignite
10488 53 -9816 lignite
10488 58 -9768 bauxite
10488 91 -9720 tetrahedrite
10488 30 -9672 iron
10488 20 -9624 redstone
10488 13 -9576 diamond
10488 49 -9528 galena
10536 51 -11400 salts
10536 63 -11352 magnetite
10536 54 -11304 magnetite
10536 53 -11256 apatite
10536 21 -11208 copper
10536 64 -11160 magnetite
10536 13 -11112 olivine
10536 59 -11064 oilsand
10536 60 -11016 oilsand
10536 86 -10968 magnetite
10536 14 -10920 copper
10536 59 -10872 lignite
10536 94 -10824 cassiterite
10536 12 -10776 sapphire
10536 99 -10728 lignite
10536 29 -10680 soapstone
10536 112 -10632 magnetite
10536 65 -10584 oilsand
10536 84 -10536 tetrahedrite
10536 29 -10488 iron
10536 30 -10440 soapstone
10536 62 -10392 gold
10536 66 -10344 oilsand
10536 102 -10296 magnetite
10536 14 -10248 diamond
10536 29 -10200 iron
10536 35 -10152 galena
10536 36 -10104 galena
10536 75 -10056 magnetite
10536 82 -10008 cassiterite
10536 105 -9960 magnetite
10536 65 -9912 gold
10536 31 -9864 redstone
10536 108 -9816 magnetite
10536 78 -9768 bauxite
10536 62 -9720 gold
10536 25 -9672 sapphire
10536 65 -9624 gold
10536 53 -9576 salts
10536 15 -9528 copper
10584 67 -11400 gold
10584 15 -11352 copper
10584 41 -11304 lapis
10584 64 -11256 gold
10584 77 -11208 magnetite
10584 83 -11160 tetrahedrite
10584 83 -11112 bauxite
10584 46 -11064 apatite
10584 53 -11016 salts
10584 54 -10968 coal
10584 15 -10920 soapstone
10584 34 -10872 lapis
10584 24 -10824 uranium
10584 24 -10776 copper
10584 63 -10728 gold
10584 99 -10680 magnetite
10584 54 -10632 salts
10584 69 -10584 bauxite
10584 103 -10536 tetrahedrite
10584 30 -10488 olivine
10584 61 -10440 oilsand
10584 53 -10392 coal
10584 50 -10344 salts
10584 14 -10296 iron
10584 65 -10248 coal
10584 105 -10200 tetrahedrite
10584 74 -10152 oilsand
10584 54 -10104 salts
10584 98 -10056 cassiterite
10584 52 -10008 quartz
10584 32 -9960 olivine
10584 52 -9912 salts
10584 82 -9864 magnetite
10584 50 -9816 salts
10584 46 -9768 apatite
10584 29 -9720 pitchblende
10584 26 -9672 iron
10584 53 -9624 cassiterite
10584 68 -9576 oilsand
10584 14 -9528 sapphire
10632 52 -11400 salts
10632 61 -11352 coal
10632 81 -11304 lignite
10632 53 -11256 salts
10632 103 -11208 magnetite
10632 22 -11160 lapis
10632 71 -11112 gold
10632 62 -11064 lignite
10632 87 -11016 tetrahedrite
10632 33 -10968 lapis
10632 69 -10920 quartz
10632 67 -10872 coal
10632 14 -10824 iron
10632 33 -10776 iron
10632 40 -10728 galena
10632 73 -10680 gold
10632 62 -10632 oilsand
10632 60 -10584 coal
10632 21 -10536 copper
10632 13 -10488 iron
10632 40 -10440 cassiterite
10632 107 -10392 cassiterite
10632 18 -10344 copper
10632 22 -10296 iron
10632 95 -10248 cassiterite
10632 51 -10200 salts
10632 79 -10152 magnetite
10632 91 -10104 lignite
10632 109 -10056 magnetite
10632 60 -10008 oilsand
10632 78 -9960 magnetite
10632 64 -9912 gold
10632 19 -9864 copper
10632 97 -9816 cassiterite
10632 60 -9768 magnetite
10632 22 -9720 manganese
10632 83 -9672 magnetite
10632 109 -9624 magnetite
10632 14 -9576 olivine
10632 50 -9528 galena
10680 90 -11400 lignite
10680 24 -11352 manganese
10680 50 -11304 salts
10680 22 -11256 copper
10680 22 -11208 nickel
10680 20 -11160 iron
10680 90 -11112 tetrahedrite
10680 24 -11064 lapis
10680 69 -11016 lignite
10680 113 -10968 magnetite
10680 20 -10920 uranium
10680 72 -10872 gold
10680 31 -10824 iron
10680 91 -10776 magnetite
10680 62 -10728 gold
10680 62 -10680 gold
10680 14 -10632 copper
10680 53 -10584 salts
10680 71 -10536 gold
10680 95 -10488 tetrahedrite
10680 21 -10440 olivine
10680 108 -10392 lignite
10680 44 -10344 cassiterite
10680 11 -10296 pitchblende
10680 24 -10248 lapis
10680 21 -10200 pitchblende
10680 52 -10152 galena
10680 31 -10104 lapis
10680 28 -10056 iron
10680 55 -10008 bauxite
10680 13 -9960 redstone
10680 25 -9912 nickel
10680 17 -9864 iron
10680 64 -9816 bauxite
10680 28 -9768 soapstone
10680 113 -9720 magnetite
10680 22 -9672 monazite
10680 45 -9624 cassiterite
10680 18 -9576 sapphire
10680 20 -9528 copper
10728 13 -11400 olivine
10728 15 -11352 copper
10728 110 -11304 magnetite
10728 12 -11256 soapstone
10728 104 -11208 lignite
10728 98 -11160 magnetite
10728 64 -11112 oilsand
10728 111 -11064 tetrahedrite
10728 32 -11016 pitchblende
10728 16 -10968 copper
10728 102 -10920 tetrahedrite
10728 97 -10872 magnetite
10728 61 -10824 coal
10728 21 -10776 soapstone
10728 41 -10728 galena
10728 29 -10680 nickel
10728 71 -10632 gold
10728 114 -10584 tetrahedrite
10728 60 -10536 gold
10728 66 -10488 gold
10728 13 -10440 redstone
10728 73 -10392 gold
10728 21 -10344 manganese
10728 53 -10296 oilsand
10728 87 -10248 magnetite
10728 11 -10200 iron
10728 38 -10152 lapis
10728 22 -10104 iron
10728 53 -10056 coal
10728 65 -10008 lignite
10728 9 -9960 beryllium
10728 78 -9912 lignite
10728 38 -9864 galena
10728 19 -9816 olivine
10728 50 -9768 oilsand
10728 60 -9720 gold
10728 74 -9672 gold
10728 74 -9624 gold
10728 11 -9576 nickel
10728 9 -9528 diamond
10776 27 -11400 redstone
10776 87 -11352 tetrahedrite
10776 68 -11304 bauxite
10776 69 -11256 coal
10776 40 -11208 cassiterite
10776 70 -11160 bauxite
10776 31 -11112 sapphire
10776 6 -11064 diamond
10776 52 -11016 bauxite
10776 33 -10968 galena
10776 14 -10920 copper
10776 63 -10872 coal
10776 23 -10824 iron
10776 81 -10776 tetrahedrite
10776 98 -10728 lignite
10776 71 -10680 gold
10776 26 -10632 monazite
10776 24 -10584 manganese
10776 69 -10536 gold
10776 19 -10488 sapphire
10776 12 -10440 olivine
10776 69 -10392 magnetite
10776 74 -10344 bauxite
10776 116 -10296 lignite
10776 96 -10248 magnetite
10776 109 -10200 magnetite
10776 12 -10152 copper
10776 30 -10104 nickel
10776 21 -10056 soapstone
10776 14 -10008 diamond
10776 29 -9960 sapphire
10776 6 -9912 diamond
10776 89 -9864 magnetite
10776 15 -9816 pitchblende
10776 95 -9768 tetrahedrite
10776 89 -9720 magnetite
10776 70 -9672 gold
10776 77 -9624 bauxite
10776 25 -9576 redstone
10776 17 -9528 copper
10824 19 -11400 iron
10824 70 -11352 gold
10824 65 -11304 gold
10824 20 -11256 copper
10824 63 -11208 gold
10824 75 -11160 bauxite
10824 14 -11112 iron
10824 73 -11064 gold
10824 54 -11016 salts
10824 82 -10968 tetrahedrite
10824 92 -10920 tetrahedrite
10824 62 -10872 gold
10824 32 -10824 sapphire
10824 52 -10776 cassiterite
10824 56 -10728 oilsand
10824 68 -10680 oilsand
10824 48 -10632 apatite
10824 24 -10584 copper
10824 28 -10536 iron
10824 54 -10488 oilsand
10824 89 -10440 tetrahedrite
10824 17 -10392 beryllium
10824 53 -10344 lignite
10824 61 -10296 bauxite
10824 110 -10248 magnetite
10824 46 -10200 apatite
10824 62 -10152 gold
10824 51 -10104 cassiterite
10824 67 -10056 oilsand
10824 89 -10008 cassiterite
10824 54 -9960 lignite
10824 20 -9912 olivine
10824 22 -9864 iron
10824 72 -9816 oilsand
10824 64 -9768 coal
10824 87 -9720 tetrahedrite
10824 8 -9672 diamond
10824 69 -9624 gold
10824 84 -9576 bauxite
10824 14 -9528 soapstone